
I/O stats for all block devices:
   7       0 loop0 46 0 856 20 0 0 0 0 0 22 20 0 0 0 0 0 0
   7       1 loop1 51 0 2168 210 0 0 0 0 0 139 210 0 0 0 0 0 0
   7       2 loop2 73 0 15432 201 0 0 0 0 0 180 201 0 0 0 0 0 0
   7       3 loop3 38 0 2800 18 0 0 0 0 0 20 18 0 0 0 0 0 0
   7       4 loop4 106 78 1872 43 0 0 0 0 0 35 43 0 0 0 0 0 0
   7       5 loop5 38 0 992 112 0 0 0 0 0 113 112 0 0 0 0 0 0
   7       6 loop6 109 62 2568 55 0 0 0 0 0 45 55 0 0 0 0 0 0
   7       7 loop7 98 0 4192 3 0 0 0 0 0 3 3 0 0 0 0 0 0
 179       0 mmcblk0 70886 14947 5433573 96353 12011 14881 712320 14435 0 25003 113746 1012 27 299520 1685 1890 1273
 179       1 mmcblk0p1 12572 2465 820102 19375 11992 14865 712160 14427 0 13779 35487 1012 27 299520 1685 0 0
 179       2 mmcblk0p2 762 1 77968 418 0 0 0 0 0 355 418 0 0 0 0 0 0
 179       3 mmcblk0p3 13479 12359 2409664 62586 0 0 0 0 0 9888 62586 0 0 0 0 0 0
 179       4 mmcblk0p4 763 0 77968 363 0 0 0 0 0 299 363 0 0 0 0 0 0
 179       5 mmcblk0p5 609 0 43848 429 0 0 0 0 0 362 429 0 0 0 0 0 0
 179       6 mmcblk0p6 22 0 22 8 0 0 0 0 0 8 8 0 0 0 0 0 0
 179       7 mmcblk0p7 21 0 21 17 0 0 0 0 0 20 17 0 0 0 0 0 0
 179       8 mmcblk0p8 21 0 162 4 0 0 0 0 0 4 4 0 0 0 0 0 0
 179       9 mmcblk0p9 21645 122 1202248 6175 0 0 0 0 0 5689 6175 0 0 0 0 0 0
 179      10 mmcblk0p10 19401 0 629912 4542 0 0 0 0 0 4475 4542 0 0 0 0 0 0
 179      11 mmcblk0p11 674 0 65154 983 4 0 0 1 0 967 984 0 0 0 0 0 0
 179      12 mmcblk0p12 870 0 105288 1387 0 0 0 0 0 1294 1387 0 0 0 0 0 0
 179      16 mmcblk0boot0 210 0 1680 39 0 0 0 0 0 41 39 0 0 0 0 0 0
 179      32 mmcblk0boot1 210 0 1680 58 0 0 0 0 0 59 58 0 0 0 0 0 0
 254       0 dm-0 16621 0 2334072 117882 0 0 0 0 0 11158 117882 0 0 0 0 0 0
 254       1 dm-1 318 0 2592 599 3000 0 20144 2771 0 1107 3370 0 0 0 0 0 0
 254       2 dm-2 13991 0 633046 29468 23857 0 692016 32160 0 12609 63705 1039 0 299520 2077 0 0
 254       3 dm-3 13991 0 633046 29489 23616 0 692016 31721 0 12514 63287 1039 0 299520 2077 0 0
 254       4 dm-4 0 0 0 0 0 0 0 0 0 0 0 0 0 0 0 0 0
 254       5 dm-5 544 0 16946 588 379 0 2928 1104 0 493 1692 8 0 120 0 0 0
 254       6 dm-6 5249 0 297176 14406 5063 0 106696 45098 0 5811 60272 415 0 69800 768 0 0
 254       7 dm-7 3697 0 291544 9322 4528 0 106696 20144 0 6351 30234 415 0 69800 768 0 0
 254       8 dm-8 146 0 6480 61 1 0 0 0 0 46 61 0 0 0 0 0 0
 254       9 dm-9 144 0 18432 65 0 0 0 0 0 65 65 0 0 0 0 0 0
 254      10 dm-10 65 0 520 26 0 0 0 0 0 26 26 0 0 0 0 0 0
 254      11 dm-11 159 0 7536 81 1 0 0 1 0 54 82 0 0 0 0 0 0
 254      12 dm-12 144 0 18432 82 0 0 0 0 0 82 82 0 0 0 0 0 0
 253       0 zram0 51 0 2416 0 1 0 8 0 0 0 0 0 0 0 0 0 0
 254      13 dm-13 73 0 1384 41 0 0 0 0 0 33 41 0 0 0 0 0 0
   7       8 loop8 84 0 672 3 2 0 336 0 0 4 3 0 0 0 0 2 0
 254      14 dm-14 0 0 0 0 0 0 0 0 0 0 0 0 0 0 0 0 0
 254      15 dm-15 0 0 0 0 0 0 0 0 0 0 0 0 0 0 0 0 0
 254      16 dm-16 140 0 6192 47 1 0 0 1 0 42 48 0 0 0 0 0 0
 254      17 dm-17 144 0 18432 34 0 0 0 0 0 34 34 0 0 0 0 0 0
   7       9 loop9 100 48 1584 37 0 0 0 0 0 35 37 0 0 0 0 0 0
 254      18 dm-18 64 0 512 29 0 0 0 0 0 29 29 0 0 0 0 0 0
 254      19 dm-19 133 0 5432 63 1 0 0 2 0 56 65 0 0 0 0 0 0
 254      20 dm-20 136 0 17408 106 0 0 0 0 0 106 106 0 0 0 0 0 0
   7      10 loop10 97 38 1080 56 0 0 0 0 0 46 56 0 0 0 0 0 0
 254      21 dm-21 65 0 520 37 0 0 0 0 0 37 37 0 0 0 0 0 0
 254      22 dm-22 5504 0 166914 12196 16618 0 510504 284508 0 7017 354063 1406 0 271312 57359 0 0
 254      23 dm-23 4546 0 161282 9293 13541 0 510504 120177 0 7301 186831 1406 0 271312 57361 0 0
 254      24 dm-24 1293 0 38034 2836 1638 0 71888 48205 0 1668 51060 46 0 2768 19 0 0
 254      25 dm-25 1130 0 35218 2833 1167 0 71888 26578 0 1713 29430 46 0 2768 19 0 0
 254      26 dm-26 198 0 25344 77 0 0 0 0 0 58 77 0 0 0 0 0 0
 254      27 dm-27 160 0 22528 63 0 0 0 0 0 63 63 0 0 0 0 0 0
   7      11 loop11 123 58 3952 881 0 0 0 0 0 177 881 0 0 0 0 0 0
 254      28 dm-28 73 0 1384 174 0 0 0 0 0 168 174 0 0 0 0 0 0
 254      29 dm-29 189 0 10016 362 1 0 0 1 0 165 363 0 0 0 0 0 0
 254      30 dm-30 176 0 22528 66 0 0 0 0 0 52 66 0 0 0 0 0 0
   7      12 loop12 130 105 4384 67 0 0 0 0 0 51 67 0 0 0 0 0 0
 254      31 dm-31 74 0 1392 53 0 0 0 0 0 44 53 0 0 0 0 0 0
 254      32 dm-32 191 0 10192 171 1 0 0 0 0 114 171 0 0 0 0 0 0
 254      33 dm-33 176 0 22528 140 0 0 0 0 0 124 140 0 0 0 0 0 0
   7      13 loop13 130 127 4560 92 0 0 0 0 0 51 92 0 0 0 0 0 0
 254      34 dm-34 74 0 1392 50 0 0 0 0 0 43 50 0 0 0 0 0 0

